196629948997
695505295457
912698404316
378672153529
703377346789
123804935923
952880843799
342983438345
845539613387
225541045908
978138239449
182356810393
80886734157
469203691669
880422083534
910222405522
927756761019
256153297806
930234291537
259113591102
994339999325
225464542691
149105886626
311059328292
897239815090
650153392113
786580387684
304045694978
385298384694
553611763926
941702717649
136253762045
691033492578
569341186885
553355922574
311857401617
712696156785
568265308919
70510968025
308207764730
142000240257
1712341427
881555068264
255192413469
488967889569
222057233197
932293568201
589240500332
168732240741
846170444582
983727726513
708238920139
7197206810
641230254439
156573524823
766745814025
637935478055
436484106923
971419212832
943679658133
303951877864
955944181132
731111518706
387498857332
259025434336
373696509540
855344115722
638798024774
34941749901
637989886931
737369101404
295124868959
843554149303
381217250659
140236561366
488779035586
716522721784
12354512607
573749723614
895869874592
683739423023
41064956674
105182301518
121594961336
291838116683
244303192629
509817053916
951404686927
785634144110
619826699100
338724009001
654460318971
65945298435
407309249491
230916127302
925181321814
566710816465
518185537516
518856910547
665172316229

