796143014288
170810900627
723744326845
675631911535
511343169196
980316456786
931431737948
93065510805
151889209524
954322700109
561678067026
175237309978
266686580479
986246003037
545917678740
712639983188
302864529192
256256186229
232818934253
724407055244
674990093636
837660236096
103383578914
754815023561
781056679552
119038312865
492351856247
548216759912
949222206852
358787883443
22461170461
746776277193
822528833956
393941566145
335886293423
905883103052
754855106310
450113642989
7473575813
809754250852
229631282083
272623573849
920607509867
923826490613
586677681597
137037790324
218145510365
844027899760
31073659182
100303696233
819021911206
999742847401
852585420528
577990623211
894795136133
218738823036
716250811482
714816553507
866533837464
213865275685
907066451696
208485057074
229102280193
586448841104
160303698652
717874120252
643584408958
380856450683
976288923901
173184773980
158403287054
781745852128
802942048550
126520817168
909769104225
456289626554
529432578549
406703617351
33564107905
510815310959
527313757359
800654833575
491709424937
601947999051
929131380577
903335834998
901936900942
569412752210
84097725509
495885752558
228987595177
172830935594
314101961316
738217436795
547640154336
416117052906
335500215777
145831386967
575374818981
70747204754
961384849165
622699602285
662170339756
169078287392
470505579502
946615336965
909522989155
359980270194
406320365120
723028020967
752385199360
989922463486
8460427043
918955075763
259828478065
869619809749
141275939174
320865304960
990073250503
757980995714
185766440422
581104721516
949841933200
917818460742
361059094400
901681924398
890892754175
172647872750
829358414313
336411463135
139285253396
114056104713
596475116198
216498157040
662106390912
576835753263
304405193168
53640817656
783192925070
228898249030
406825374365
444622323531
978106728714
650554942482
792954960135
847846595777
551631038520
654779530288
436061605904
643880683928
895621987412
65545176929
914858500137
616762704095
32167394743
829686947924
481265747552
843125146431
64738747134
60130284923
880975988785
436497738693
57469665132
165886155612
335646152903
433179772299
442498918519
987503628202
310868479616
350746365217
643408215031
275809295371
747610456447
747181789228
910190679707
924898694307
391234767173
164742981133
568807150197
893844616445
301640455072
953048821245
808863238501
106733762933
662498967529
146826240948
835715634390
324729559251
260625369015
692213674191
846501077913
369953234839
151032451202
82297858692
745918012493
587069647572
208847695017
282901061369
978129403138
840348082637
226991380534
732309288239
873478227301
892460547875
612101308243
508895003369
44487025406
642884835107
454868875215
465187177164
280339665405
457173800213
478070275108
686986965279
98730474991
525741615309
656980609491
192122167787
47473461833
370504647261
202848574923
531889835540
619630620309
727144371235
768383124980
126960505292
228173434966
5598678081
793208447252
592324097282
952211955717
307679356326
774075063481
535901036568
552763075470
6557362753
91799765809
580684124863
406533896079
735713213253
844509789276
296379410825
239848143486
314246406505
35406046172
250616090170
240656149987
638975369362
984483485158
382280862896
511622128006
707825868535
85743232915
310335359323
871551992508
520509526361
908504992011
861290784855
449373913913
697157198782
754782900431
769065118260
472640616110
154993150142
998063497143
196860353282
49645233267
863746802432
963618529703
758733683647
442231373299
667597224524
5666660722
281202526014
192331847760
353056077650
254317674606
658013050358
949101244424
192616698469
374197283359
570656400810
898763987247
671252819064
853925570494
46511938621
653995612183
671845612311
706045043895
691276701443
754590040689
354425842860
33208351412
474079720290
644127075332
583315973687
460289360016
752152566062
466506742606
997821931585
573031029283
82047111749
874726174187
164458041147
465624747402
919217777313
104386724519
939102207655
986512134236
433068559246
882308795734
240046766837
827705671513
968747923448
303072133647
577242175340
556563755310
49990632315
265931298427
578505978064
98406211649
782066153134
627086139286
625204329315
400181768085
829450171401
534094381470
10113599360
945108519811
959728175672
630586815315
230255791145
961631437560
79790081609
823614884463
295833728484
920241942247
432880970117
931063467786
819162319259
366780793756
337446571874
941160061456
37237994789
55958478937
235488838449
565167551306
627384329870
997993165123
193335439737
290134496501
428328371490
300483286850
431535971125
393996703522
156020381033
284153013547
954478488453
475245612985
835904573984
985135387860
881416671358
407274413374
342563294795
761626717308
191716104206
702667962717
396537571536
317381672958
718198798343
6125472211
74349689766
613836975406
798804553080
52500472515
2448037043
54319830710
840772518628
757847898990
994832196587
252608669172
738051413222
929790551885
299932239589
698353252069
761538126770
612519385025
754607352582
244007216021
514983058629
199444774610
83498376014
399781852629
4161320979
289617681706
55043225033
70300051441
720585283110
72919029058
35156417406
249435938270
965254597258
311254871278
538366298096
459608666349
9179193950
630081099223
787666237517
434037101175
977399291699
260289654163
302798656952
273762406323
824282942600
558454364041
777346121601
922211383222
838899611675
218098189266
168520897845
905442283304
266729725225
691825184089
528469171305
229450681554
559068350293
385777167539
369553298064
806274996581
811073003721
493503898188
624021972069
946854472653
362505922822
155747283090
163524301581
18970799297
991830043802
11484333942
959636506306
801906490978
503163412413
277659911695
509441183212
785528411982
397777358455
998409261692
746958045768
949547864536
973453711277
834251113622
279344692296
559065872104
923957843231
872921367104
949619879413
21899167744
501995353878
763336246466
43043680939
784603109553
57708560952
341929629928
254291549509
595276190716
10096271544
457774433517
667500818113
879451104927
593937159664
299934866789
132553225416
960727829416
619971824101
371076746257
491038577564
346371490681
439939308650
591739873175
515724292098
223475451122
534843447276
758906919193
177249945496
85523621435
105525462930
435697264336
679950421557
149903426873
67684746873
163825590666
970340075535
627056864697
663733582327
404099430847
725084049851
350874988476
401417558735
684564243149
17655905319
97644711770
141761377294
660546860808
386385630910
354736260619
968756154819
718653321398
997735308227
314095380020
566456856758
628227002717
252015613633
693607752873
305662364906
912024315685
643910759623
897958005139
580464414862
50208692417
179303224305
883872911976
960188534275
473873213849
112117783972
651010076789
908231475491
472959440167
640651262664
449524524173
908410713058
898382283926
856011499067
67508021576
663975739496
844136934180
371485787197
370820009312
649279230723
582548662514
738438559162
77805947580
867741781686
913712877716
977285198665
931348105208
850580627336
451432128289
268190871687
505345995818
493373086777
629407085964
491606693283
135423954798
872986003582
819323419132
110088514291
287615434510
485781989521
358114188074
680850721881
257816273675
409129802277
513229453221
478623317968
272765239751
302758546228
617661873735
270298511594
62528114785
138471658916
80652701112
770558275018
742043324514
606045801870
269223706674
3539521218
553065067636
837691537725
257917344238
133027476619
671875070800
547277921872
845816501627
659848355023
148212914422
691986904452
867948904248
181001976380
919852877047
425466130798
655271282631
61314119638
487209527034
680179196431
481547128100
151662549104
224071514426
277649537645
458932921820
75519247040
206563729774
26886742925
975507434870
409127169983
329634198684
557606284736
246016538205
560322536785
191766885265
499217652628
70475724086
578479602894
538907114801
603095514398
838849112052
914398172648
686105164057
904185323817
942974660048
64521454263
966602429568
996570698943
459835420810
650373234592
216336479398
851120521803
445794094182
116509316548
689083112745
622685654811
667081521074
154317454755
737370653934
357589490175
133802384585
446250312701
236136334424
63858821988
98730939342
328252047394
876066622700
698233656113
741832035040
773188083348
406009324417
489469867146
201587200807
949530839248
576825596462
293274058253
442035107094
607215224190
695014224548
899184484092
932101772684
74881631611
481650706228
859775925765
222301811032
584830517035
834279844742
12733464328
848945835236
695922827466
299177572533
530158953497
800752460764
719385582977
755553664426
365768287128
589213713123
74285135540
206373462708
180736532415
969980489992
498689366071
159253243030
654524021531
275243737735
582350529873
407788724991
249588525256
85218569014
966584908935
682125837151
594336650858
262870580388
101844220109
202509633945
173451097158
602259669667
729568843578
539411694680
733133748344
438995003328
170539839224
631372049472
814804823147
71416063493
588800985907
23127212679
289757261960
490727752265
65660267592
464697032316
348278501855
473419695565
359061220680
393383188432
716682140450
485206409893
994551866677
754458248898
316102737750
112789522432
175472850742
489568855039
889205251996
338375412661
177333926278
925932791174
961241035529
300073030557
920476546880
397410045401
957287616296
307296662028
763485629589
950688417421
10911930452
841311985960
933761787531
128331171832
816086618788
869124382280
433633609011
479383322027
213490295252
813054801281
420746816588
776549077988
976592635695
29846717018
353463480326
55833846802
423268323142
713237323124
128134983139
757904684061
338734497319
540368580214
863894831061
820919727678
176244188051
651889481511
526779024465
28284684708
396366018181
659936735598
244523831566
610065443559
143786310631
257794676792
410784574701
439439068258
685835806087
107345772541
163351869604
944773417313
519088560727
938777882236
715348561457
717155787630
134403991593
368241749764
932531593619
738877305011
102258965865
305041035848
227021389597
770945176176
932905348167
717300146098
752649832740
3490527138
340106749492
381646147784
714609667537
11484555843
2943389904
277720244536
214030370076
389218520897
54730325270
10436376473
887725046043
506898210601
137508842600
162415228086
495377445598
236885596966
394291615921
35405728991
376922130774
941882820341
749078391662
218911493620
904714289938
806140600885
207201431215
934242607159
79311164738
648020194985
205397098585
530424309591
484434139598
955291575739
167162492007
838101405100
555917413570
192204938607
628398601036
509159822910
701993593961
176656284169
877343819777
795716445225
465351634858
609658555572
67238056156
840577397879
161542570991
633337198855
243511681018
985038227126
435451390862
102044109945
45170283166
673886747681
173834429318
646807171628
979890318853
408965929546
264843416319
693367888526
853738537171
603526625285
682777360054
385329584532
448365219902
467857331148
274732700747
761967099589
922614706637
387525140332
34069302501
789419399887
766238785618
865234095117
386139967796
704147107066
146626761814
403533152902
342437603455
621131857002
760388370643
262625622466
656648765589
686361796872
459833987557
595863366140
972937301970
802594069158
906562982440
195169188605
825851818953
171512212614
341631345200
682936494712
954655874795
384756249944
837291319231
460032460507
892286883278
297064799096
857638696144
987540575191
394941195450
677779698445
525514070017
810985546531
526703272430
216824767071
655073463464
488642614038
255883584809
300932662282
265825446733
423075811992
155950778083
10371774546
276666445237
869765308059
176124648893
44476056311
496309302503
197919385113
710352869163
881721724644
228158387169
589098923696
883766222571
781927242278
659277237545
787856197623
710497209066
102592218933
302331750606
246892429674
930129658652
446712057901
918106990295
253705962187
105964203171
27208556421
982330539307
621228222969
782552358881
710229265415
443629335255
470697335298
960575661538
526988783218
293508318323
423914737541
511205467095
988222435732
69431851771
725540128187
8685116789
223535674900
534516044993
877957431781
631389163899
370619611599
650440050463
969375981179
997977061097
729221512736
338264738556
69216222170
985700605385
680355320216
550330796370
874519706777
504872496768
566234093009
1904498831
106070121720
943091771726
462623447091
20012954243
429895531660
37933767028
692604167861
386694509666
357493765630
628300584537
274091924031
539295104879
664969190636
819702902958
737511306070
446124206815
509803617972
233138104201
908508229029
970448803334
952634417994
391771337320
459128283643
462905252490
71971709870
842305109813
673751813339
612644199617
937564279617
259328336616
110719457620
580572624710
147652543333
993990957653
389667741771
557002311940
206495566590
523466824903
992633185281
144572205810
403292225749
955396282183

